/**:
  ros__parameters:
    camera:
      model: Pinhole
      width: 1280
      height: 720
      scale: 1.0
      fx: 907.7918090820312
      fy: 906.4407348632812
      cx: 630.6458740234375
      cy: 357.45526123046875
      d0: 0.0
      d1: 0.0
      d2: 0.0
      d3: 0.0
